1:
695998759470129152

3:
695998014540787712
695998577718333440
695998759772114944

4:
695997693865250816
695997929983602688
695998165082714112
695998765581279232

5:
695994848499773440
695998369815097344
695998427964944384
695998556352573440
695998771994316800

22:
695988366383325184
695989226274295808
695989452234059776
695989668563714048
695990192688144384
695990444375674880
695990624957280260
695991128709959681
695991912931536897
695993845142593537
695995714556395520
695995885491126273
695995967330332676
695996133890330624
695996962718396420
695997055274086400
695997401144766465
695997588659515392
695997938728763395
695998450010165249
695998609058181120
695998788591222784

27:
695896764952371200
695904654111203330
695905148296519681
695907287832068096
695907577477988352
695908173807546368
695908533431193600
695908717104074752
695909067689037825
695909739478302720
695910050427080704
695910524354224128
695910630809669633
695911074839838720
695954617323147265
695972710002860033
695980596837769219
695982021512970240
695983148161589248
695984272801452032
695984803183591424
695985445302362112
695986355277426688
695987123493675008
695994987536723968
695995393549713409
695998795948040193

33:
695657650231517184
695844830090362880
695857294718808064
695857482640465920
695875137472573441
695879547212795904
695950274028920833
695950803832418304
695951138298802176
695951241667485697
695952022894292992
695954686851964928
695957370619301888
695963152903569409
695963918095642624
695963984843780096
695964112153542657
695976622562758656
695977439776747521
695977752613097472
695979777878941696
695980570141073408
695982367316381697
695985345494519808
695988036736122880
695990603692150784
695997616996220928
695998110300962816
695998220380434434
695998417974087684
695998506989793280
695999158080045056
695999249410985984

105:
679014498984853505
679254743735074816
679261475404410881
679491878283161604
679576019964047360
679660314145640448
679735976344719360
679810591075090432
679915048727269376
680073326937546752
680095716388278272
680179561120665600
680411014064517120
680550319516827648
681094113639309313
681135947749003265
681198324314050560
681309300094971904
682189149340745730
682193357603356673
682203857699483649
682455312117309440
682641178945142784
682773070138834945
682910529577287680
683097630746935296
683277526056087552
683327286053965824
683379853647687681
683467127689330689
683654398921146368
683778619445886976
684018504383737856
684212183765393408
684338549949206528
684343739691601920
684347587109912576
684361858350845952
684362397784489986
684369979110641664
684643582502920192
684664631932014592
684816512067047425
685049806071316481
685351882928177152
685352609410977792
685441851436830720
685479242088357888
685479913487470592
685481227005116416
685611124469805058
686453243493265408
686550728001781760
686589337354506240
686730451680034820
686851376207376384
687065622572740609
687380024538836993
687408689754550274
687647222251544576
687770756147576832
688085801448521728
688152001218129921
688385299806683136
688517878862102528
688609088091992064
688609687546146816
688610139968933888
688684057039781889
688711777337643009
688878152337100801
690231475812204545
690313218980388864
690406758817341441
690470747442188288
690515578327531520
690544347721269248
690623656808943616
690681587105603584
690817343891501056
690847363578003457
691130420562366464
691270590544515076
691337216769982464
691509415611006977
691602457420402689
691644563375521793
692812880727531520
692861737708564480
693170624785567744
693170977618833408
693171899170291712
693209228266188800
695092659321335809
695211992429146112
695233094748475392
695399957289799680
695447690738405376
695558589285588992
695610650526003201
695818334697160704
695880110281355264
695939803947208705
695983117241221120
695999896529170433

145:
683467265321246720
683469363937083392
683545706565480450
683547607096922112
683641318686392320
683642452276727812
683777765821124608
683780287667408897
683782329370677248
683783363581235200
683784534517653505
683785675200528384
683975568606400512
683992715676127232
684212340422610944
684213226314182657
684258872492560384
684261915170738176
684264410731294720
684265758067564544
684268678750187520
684269461117927424
684270268798210052
684271898528616450
684273169402703872
684348406102265856
684348969875406849
684350145622745088
684351856819081216
684371391135666181
684563136762908672
684666356738834432
684735555007975424
684740506765545472
685050460806381568
685051926619148288
685132077251993600
685133717887533056
685441681877946368
685442655120064512
685610737583013888
685614546652807168
685832244288569344
685833918025617412
685835889059205120
685837413248192512
685839521968066560
685842091377692672
685843509060841472
685843711792558080
686550924861427712
686553838648561665
686730669477593088
686732001093632000
687065884490244098
687066698512371713
687409269436723204
687410181014175744
687771394545848320
687772632553410561
688006994377191425
688008503382925312
688152388725686273
688154371947802626
688360000255741952
688361290805325824
688518918021853184
688522240904724480
688684323227082752
688685713819222016
688878719616696320
688880581044641792
689078667796963331
689080709110231041
689464858840924162
689466452731043841
689595194577068032
689596045416792064
689690345920049156
689707803196284928
689970436696858624
689971227016990720
690168446848409600
690169702656569344
690313331316424704
690314076199628800
690470930380906497
690475522229338112
690544559646900224
690546241499889664
690564420708118528
690565413235589120
690682010914856960
690682695253266432
690847120924872704
690848098554241024
690914674619973632
690915959834415104
691127852297682944
691128535675588612
691270660140601344
691271373826629632
691509485102182400
691511168674836480
691644695550668800
691646210315128832
691831809714307072
691834122524872704
691979552105431040
691981308621246464
692132121301946368
692134725838880769
692714402223513600
692718271703834626
692863945141411840
692864513557725184
693025541163618304
693211004176437250
693583244810285057
693585274664714241
694091101968281600
694093510316691456
694197283273863168
694198267895246848
694303223696351232
694304168329158656
694472618586427393
694474938174935041
694839226412568576
694840136173883393
695034149078376448
695036938835759104
695037846122471424
695038820358742018
695212225640828928
695213379770671104
695400322974375936
695402303407333376
695558873004900357
695559874562789377
695818443036057600
695819269100085248
695940096424456192
695941723147497474
695999920675823620

