1:
701431540677349378

5:
701429391083986947
701430580315983872
701430941953105921
701431383177056257
701431542510260224

6:
701430730853785601
701431057912991744
701431119497932800
701431214792531969
701431377237946368
701431559383961601

14:
701414399945236481
701424806298677249
701425328539893760
701426431436324864
701426564278329344
701426729869443072
701426934375276545
701428104997122048
701429694344724480
701430014395289600
701430466113466368
701430991563325441
701431263756832769
701431578501599232

